380 210 30000073261.1275
352 286 30000334906.434998
293 330 30000985849.260002
318 167 30004435303.947502
221 356 30004482566.11
437 424 30004800564.122498
213 367 30004817459.072502
418 220 30006355291.59
290 358 30006447232.989998
315 170 30006450773.485
405 213 30008069143.8275
250 204 30009988806.75
288 157 30011432749.5475
356 417 30013478539.0225
405 190 30013517140.1875
314 334 30014341667.8975
248 211 30015542392.809998
370 183 30016186659.552498
276 226 30018947449.497498
314 335 30019272942.04
445 241 30023601856.947502
334 284 30023951612.315
317 167 30024633675.0625
352 142 30025052659.69
305 163 30028885666.5275
236 220 30029797033.4375
413 223 30030002547.5225
306 163 30030882203.6525
358 170 30031238469.4375
359 192 30032118673.86
369 189 30032904796.9375
441 233 30033962224.54
236 222 30034066603.25
282 195 30034584514.94
404 186 30036453823.1475
451 239 30037749307.9375
222 356 30038301436.75
312 172 30039471122.3275
397 228 30040228484.215
397 211 30040762851.6475
380 208 30042981620.0275
536 283 30045335117.5975
241 242 30045699639.0
406 209 30045853031.7775
386 206 30046621721.6275
315 335 30047310286.0
416 225 30050285001.4375
242 165 30054687606.309998
314 333 30055481996.809998
236 221 30056737409.75
405 187 30056787968.2775
309 231 30057438403.9375
433 219 30058798666.79
352 276 30059316918.5275
306 110 30060069933.489998
306 329 30061222849.947502
432 224 30061428931.760002
392 233 30064511503.9225
312 334 30066497173.552498
399 204 30067169422.684998
420 207 30068166250.75
432 230 30068317803.0775
418 223 30069429643.11
307 329 30070294226.1475
374 207 30070367805.86
288 166 30072443937.6875
600 283 30076357766.372498
520 284 30079604787.927498
411 274 30079898711.8975
363 171 30086569464.5275
444 237 30086595983.8975
306 123 30089384878.677498
309 158 30089643759.6875
352 180 30090157356.11
290 193 30090494287.09
447 230 30092501991.427498
445 230 30093467318.54
343 180 30095087311.21
296 166 30095738590.735
316 192 30096273775.64
446 221 30097133790.61
240 375 30098810547.665
312 170 30099509029.3475
297 331 30099748982.2525
358 191 30099867514.715
284 146 30101666394.035
300 182 30104110055.585
593 288 30104405801.635002
345 313 30106593786.4375
251 221 30107460488.440002
335 395 30109036813.0225
390 283 30109832018.427498
436 226 30110170575.64
411 377 30112697374.4775
353 286 30113654670.3125
392 232 30113912071.7975
426 216 30114489616.510002
299 182 30114527904.372498
418 226 30116783601.885002
322 205 30118351716.14
